[0.0004986763000488281, 0.0013983488082885743, 0.0030916452407836912, 0.005542540550231933, 0.007744288444519043, 0.012351417541503906, 0.0159682035446167, 0.021465754508972167, 0.028556013107299806, 0.03131058216094971, 0.1315479040145874, 0.20943450927734375, 0.30328712463378904, 0.43577141761779786, 0.5544304609298706, 0.7352420568466187, 0.9369348526000977]
[100, 200, 300, 400, 500, 600, 700, 800, 900, 1000, 2000, 2500, 3000, 3500, 4000, 4500, 5000]
[0.001296401023864746, 0.006609630584716797, 0.012257599830627441, 0.020203471183776855, 0.030551338195800783, 0.04520206451416016, 0.05991373062133789, 0.08034291267395019, 0.10188813209533691, 0.12510943412780762, 0.5139750480651856, 0.8439902305603028, 1.2648590803146362, 1.7141929388046264, 2.409097456932068, 3.0673690319061278, 3.257048988342285]
[100, 200, 300, 400, 500, 600, 700, 800, 900, 1000, 2000, 2500, 3000, 3500, 4000, 4500, 5000]
[0.0015593767166137695, 0.003124713897705078, 0.009373688697814941, 0.020301461219787598, 0.037493419647216794, 0.048420047760009764, 0.06487610340118408, 0.0891486406326294, 0.1140392541885376, 0.1433185815811157, 0.5623549222946167, 0.873977541923523, 1.2746792316436768, 1.7347203731536864, 2.3283137559890745, 3.07107093334198, 5.010396242141724]
[100, 200, 300, 400, 500, 600, 700, 800, 900, 1000, 2000, 2500, 3000, 3500, 4000, 4500, 5000]
[0.0003015, 0.0022400, 0.0082063, 0.0140345, 0.0186746, 0.0289248, 0.0399138, 0.0548526, 0.0664909, 0.0845520, 0.3852097, 0.5469313, 0.7574992, 1.0490714, 1.4301555, 1.9731782, 2.4578583]



